N 50
M 436
S1 16.1037549866 3 16 25 33 34 35 49 
S2 6.43880415718 2 7 8 18 26 32 35 49 
S3 23.4729070679 3 8 9 15 16 17 19 25 26 29 32 38 42 43 
S4 13.4114785715 3 6 7 8 13 22 24 28 30 42 43 44 47 50 
S5 22.4578505595 5 6 12 15 18 19 21 30 31 32 34 35 36 38 39 41 44 45 49 
S6 8.18365284754 1 3 4 5 10 15 16 19 22 31 44 47 
S7 12.1517728052 6 8 10 11 14 20 23 26 29 31 32 33 35 36 38 41 47 49 
S8 20.2068967154 2 7 9 11 13 14 17 18 19 21 22 23 30 32 34 39 41 46 49 
S9 7.91256764464 8 
S10 18.1176333471 7 9 11 15 16 17 18 23 29 35 37 38 47 
S11 18.7463202335 3 7 15 18 19 29 30 33 34 35 37 39 40 41 48 
S12 13.0463821111 3 8 17 31 33 43 44 47 
S13 21.2059098331 2 4 6 7 8 16 22 28 
S14 11.1946494686 35 
S15 14.0684747421 1 10 11 16 20 24 25 26 29 32 38 40 45 48 
S16 11.6313587295 2 15 18 21 25 26 30 31 33 34 39 42 43 45 46 47 49 50 
S17 14.1088069925 9 17 18 19 20 34 38 39 42 49 
S18 8.86084457814 2 3 4 7 28 30 40 45 46 
S19 7.79741199881 7 17 
S20 9.43926270115 1 17 19 21 22 28 32 33 38 42 43 50 
S21 20.8052522889 5 10 12 17 19 20 23 29 32 33 34 36 37 39 42 50 
S22 9.70859888726 2 3 4 6 8 9 10 13 14 15 18 21 26 28 29 32 33 38 39 47 
S23 15.6522986331 9 11 12 15 16 18 40 
S24 17.4637461502 1 2 4 10 17 21 23 24 26 30 35 36 39 40 43 44 45 48 
S25 18.6653515966 2 4 9 11 13 19 20 23 25 30 31 33 38 41 42 45 46 
S26 8.32101902066 4 8 14 20 27 34 50 
S27 17.6618453238 5 6 8 24 27 32 36 37 40 41 42 44 45 48 49 
S28 8.22993662302 3 7 8 28 30 31 32 33 34 37 39 41 43 
S29 10.364246835 17 33 35 42 
S30 22.6454416448 2 8 10 12 14 15 16 21 28 29 30 31 32 34 35 39 44 
S31 15.5568567312 20 22 43 
S32 12.8218543761 28 37 47 
S33 21.6180849663 9 11 16 17 23 
S34 8.23108487102 1 11 13 16 19 22 24 27 33 34 37 45 
S35 11.1931028357 19 39 44 50 
S36 8.49840367535 30 36 45 49 
S37 19.9083541046 3 9 13 20 22 25 26 29 30 32 34 35 38 43 
S38 23.1266026873 14 22 29 33 41 43 44 
S39 12.536745084 1 2 4 12 24 25 28 31 32 36 40 43 
S40 19.1114298937 2 5 7 9 10 11 15 17 27 28 30 31 33 34 38 39 40 42 43 45 
S41 10.9349121232 10 14 17 19 27 31 32 44 
S42 24.0854627546 6 9 10 11 15 18 23 24 30 32 36 38 39 40 44 46 
S43 24.8470565811 1 3 4 5 6 10 13 15 18 19 29 30 31 33 36 37 39 40 47 
S44 16.3129012763 1 2 6 10 11 13 15 17 22 24 25 26 27 30 36 39 42 44 45 47 
S45 10.1952478791 3 8 14 18 31 35 44 48 
S46 11.9642641832 7 14 16 18 19 20 21 24 30 33 35 37 38 40 41 42 48 49 
S47 9.19780357619 7 12 23 26 35 39 43 49 
S48 24.1382537846 11 17 35 38 46 
S49 9.39230571556 5 9 29 39 47 
S50 11.0000755848 2 3 5 7 8 9 10 12 17 18 22 24 25 26 32 37 48 
S51 7.02385551917 8 28 38 40 42 
S52 20.9984911036 8 10 14 17 22 24 27 30 31 32 41 43 47 
S53 15.8406673739 2 10 15 24 26 33 
S54 11.3145333636 19 46 
S55 16.8367386934 3 5 11 13 20 21 26 27 33 41 
S56 16.2498112719 2 4 8 11 12 16 43 44 45 49 
S57 14.5900222307 8 12 13 14 20 27 49 
S58 14.0989435358 2 4 21 23 26 30 32 35 42 45 47 48 49 50 
S59 8.67124229956 2 3 6 18 20 22 24 27 30 31 32 36 38 
S60 18.7324434717 2 18 19 22 28 31 36 37 39 43 47 50 
S61 8.66949742248 1 5 13 14 15 25 26 28 30 34 40 50 
S62 15.6872852092 9 10 16 18 22 23 27 30 44 
S63 8.93550615788 5 7 12 15 18 23 27 28 32 34 41 44 45 48 
S64 16.9705349841 1 8 11 13 15 23 24 30 35 37 39 40 41 45 46 
S65 19.7073359516 1 3 5 6 7 10 13 16 18 19 22 35 37 48 50 
S66 21.6779929737 2 6 7 8 9 10 13 14 23 25 26 27 31 33 34 37 45 48 
S67 8.02609286517 6 17 24 
S68 17.6296316995 21 47 
S69 15.08529137 4 10 26 43 
S70 20.7421278337 1 5 6 9 11 15 21 22 26 27 29 30 33 36 37 39 41 42 46 
S71 10.8883410378 15 18 19 
S72 15.996876431 1 2 8 12 13 15 17 19 22 25 27 39 42 
S73 22.2400582582 2 5 6 9 12 14 16 17 24 27 28 38 44 50 
S74 10.540658855 2 5 13 20 24 32 33 47 
S75 15.2043942864 4 9 15 22 31 35 37 49 
S76 8.23193181234 5 8 11 14 20 21 22 23 25 29 30 32 34 40 41 44 46 49 
S77 7.76877769646 2 12 22 23 25 38 44 
S78 22.8534551181 2 3 4 6 29 32 33 39 42 
S79 13.5248156277 2 3 29 40 
S80 20.1815857979 3 10 11 17 19 22 23 25 27 29 30 34 35 40 44 
S81 6.84881405406 3 6 13 19 22 33 35 38 
S82 12.1203341514 7 11 21 37 43 46 47 
S83 22.7784235312 3 5 11 13 14 18 19 20 22 26 31 35 37 48 49 
S84 23.1141705878 5 11 12 13 16 19 22 25 27 30 32 33 35 39 44 48 49 50 
S85 18.6432061487 4 16 20 24 27 30 31 34 35 37 39 40 42 44 46 48 49 
S86 21.5496227002 6 7 17 30 47 50 
S87 12.6598197053 1 2 3 6 7 9 10 13 15 16 17 18 24 26 27 28 36 37 40 45 
S88 20.1851389852 5 10 11 18 19 22 25 26 29 32 33 35 37 42 50 
S89 11.2646059969 21 34 
S90 14.8906609527 1 5 8 14 15 20 24 25 26 29 38 40 45 46 48 
S91 17.2173083062 3 12 13 19 20 21 24 25 27 28 32 35 41 45 46 47 50 
S92 12.5057010142 2 4 13 17 18 32 33 38 40 41 
S93 21.4144741583 5 11 21 22 31 32 36 37 40 45 46 
S94 17.4621213507 1 3 4 12 19 21 22 23 24 30 31 35 39 48 49 50 
S95 11.744931079 9 13 18 25 33 35 41 42 45 47 
S96 11.1671955482 3 4 6 10 16 19 22 23 24 25 28 29 30 35 39 40 42 47 
S97 10.3472241547 6 8 14 15 17 18 19 22 25 27 29 32 35 36 38 41 43 45 48 
S98 11.3078261106 5 8 12 14 23 24 34 35 46 48 49 50 
S99 18.8408353366 17 21 23 24 44 49 
S100 13.9374405643 15 21 25 37 39 41 45 48 49 
S101 18.5684347659 2 16 21 22 23 27 39 43 
S102 7.78294535653 4 13 14 18 28 34 50 
S103 19.4228732859 2 21 42 
S104 17.0491549855 50 
S105 17.7463393192 1 4 11 12 20 22 37 39 40 44 49 50 
S106 17.5776637585 1 10 11 14 25 28 44 45 
S107 20.131209377 7 11 12 13 15 21 24 27 28 30 31 32 40 41 43 45 46 47 48 50 
S108 19.072112842 2 3 5 12 13 14 17 18 19 21 23 25 27 28 34 39 40 46 50 
S109 7.02652547387 1 5 17 29 34 35 36 45 
S110 7.96390480816 2 7 9 10 14 18 26 28 29 35 36 38 42 44 
S111 6.11476137741 4 24 30 32 44 47 49 
S112 19.84146519 2 6 12 15 20 21 23 24 25 26 28 42 48 
S113 17.8908190211 5 14 20 24 27 31 34 37 38 42 
S114 9.37283698321 16 25 27 30 34 38 39 45 50 
S115 17.1624686827 1 12 13 22 24 26 29 33 34 35 43 45 46 47 
S116 22.8456202716 1 2 8 9 13 15 17 18 19 20 21 24 29 30 32 38 43 45 49 
S117 18.8358296164 17 36 37 
S118 13.4318401246 1 2 4 6 15 17 20 21 
S119 8.02615034348 4 6 7 8 11 13 14 18 20 21 23 25 33 44 45 49 
S120 11.9744309073 2 6 11 13 14 16 26 38 
S121 18.2816997039 1 5 6 7 12 13 14 15 17 27 30 33 38 40 45 46 
S122 10.9035013218 2 14 17 22 28 29 36 40 41 46 47 
S123 9.92517444945 27 31 39 41 43 45 
S124 19.253703364 4 5 13 19 28 46 48 50 
S125 24.9738468517 3 5 6 7 9 11 14 18 21 25 28 30 31 33 36 38 41 45 50 
S126 7.78323960727 12 13 18 31 
S127 23.736409247 1 3 4 6 7 11 13 22 24 25 26 37 38 39 44 45 46 48 49 
S128 16.7816139315 1 2 8 9 10 14 19 20 21 23 30 31 33 36 38 45 46 
S129 19.6826949951 5 20 22 41 44 48 
S130 21.9062573662 5 24 29 38 47 48 
S131 16.4427738048 48 
S132 5.14350358295 1 4 5 6 13 14 15 18 19 24 32 33 34 37 39 41 46 48 50 
S133 15.3547786292 3 6 8 9 19 23 24 44 45 
S134 8.31703633649 2 5 9 12 16 21 25 26 27 31 34 35 37 39 40 44 49 
S135 19.8114196114 1 2 13 23 26 27 28 30 32 33 35 36 38 40 45 49 
S136 18.1610713585 2 14 17 20 24 25 28 30 33 36 39 41 50 
S137 13.1022367737 6 8 13 17 19 23 25 26 29 30 35 40 42 49 50 
S138 9.34862898545 1 3 4 5 11 12 17 19 21 28 31 38 40 41 47 48 
S139 11.4260045425 21 23 24 34 35 46 
S140 18.7815892149 7 17 26 32 33 34 41 
S141 6.48597989893 2 6 15 18 19 22 24 25 28 31 33 42 43 44 
S142 8.98523937589 4 5 6 8 10 22 24 29 30 31 32 33 38 43 44 48 49 
S143 8.21210438245 5 14 24 25 26 36 37 47 
S144 22.7449105239 10 11 18 25 26 27 28 29 33 34 35 38 39 42 44 
S145 9.11577461871 8 12 26 28 39 49 
S146 9.08161858094 1 4 5 6 8 11 14 16 17 20 28 30 32 38 42 48 49 
S147 18.2372796704 3 6 9 10 11 13 21 31 32 33 35 36 37 38 42 44 46 48 49 
S148 7.87281345985 7 22 32 36 37 40 42 46 47 49 
S149 12.6403009869 3 5 6 14 27 32 33 42 49 
S150 14.0493329367 10 22 27 47 49 
S151 22.3904360185 2 9 10 37 43 44 50 
S152 20.4156707992 16 48 
S153 10.0162579269 7 11 13 17 18 19 21 26 29 36 38 40 46 48 
S154 6.18867861888 3 6 7 10 15 18 35 46 48 49 
S155 9.45605809876 3 4 9 14 18 22 33 
S156 20.3692193339 33 41 42 
S157 23.1104004754 3 4 5 7 10 11 21 22 23 30 37 40 45 
S158 14.6182961225 4 5 6 7 14 17 24 25 35 38 42 45 47 
S159 7.74617318877 9 14 17 43 45 50 
S160 19.5345045363 2 3 5 6 7 9 10 11 17 22 28 38 39 40 41 45 47 48 
S161 15.2442114972 14 15 39 48 50 
S162 13.4082860455 6 15 30 
S163 6.18925532179 2 7 9 13 16 18 27 29 31 32 33 35 36 44 45 46 50 
S164 12.1789146284 3 6 9 10 13 17 19 24 25 26 30 32 35 36 41 45 48 49 
S165 15.375816524 3 7 10 11 15 20 22 23 25 34 37 38 40 48 
S166 14.0786164577 21 35 39 40 
S167 17.6087566019 1 7 11 14 16 18 24 36 37 42 43 
S168 6.93795127357 46 
S169 10.9266998312 1 3 4 10 12 18 20 21 22 28 30 34 35 37 43 46 48 
S170 17.6521551831 8 27 34 37 
S171 6.3847930042 49 
S172 23.514941333 1 3 6 12 13 14 15 26 34 41 42 43 44 47 
S173 10.7625184119 1 4 8 11 19 27 28 29 31 32 38 39 45 47 
S174 17.1875013994 2 5 12 19 27 29 31 
S175 13.727671227 1 2 
S176 16.5491700997 1 2 7 13 14 15 20 21 27 28 33 
S177 7.03393046053 2 17 26 47 
S178 14.2428794781 4 7 9 14 18 19 23 29 31 32 33 38 47 
S179 9.72306138805 1 2 6 14 16 18 23 28 30 33 35 41 43 
S180 14.1491155708 2 4 7 10 12 18 19 22 24 28 29 30 38 44 49 
S181 12.7467859783 5 8 12 13 16 18 23 25 26 28 29 38 46 
S182 11.4480340823 6 7 10 19 21 24 25 26 27 31 32 33 36 39 49 
S183 10.5511489554 5 13 14 15 22 23 26 30 31 34 40 42 
S184 23.6778826574 2 5 8 13 15 16 19 22 25 32 41 46 
S185 11.3189682965 1 9 11 13 14 16 21 24 31 35 36 38 41 49 
S186 8.60336030971 3 6 9 12 19 21 23 24 26 27 28 31 34 37 41 43 46 47 48 49 50 
S187 24.9039193548 6 8 9 11 12 13 19 21 24 29 30 35 36 38 44 49 
S188 6.26046632195 16 23 26 31 37 42 45 
S189 17.1698074709 13 19 28 29 30 33 36 38 39 41 44 46 48 
S190 22.5827677314 27 35 36 
S191 8.3791536827 4 8 9 16 18 22 27 29 30 34 36 37 46 49 50 
S192 9.4402047445 1 4 7 10 11 13 14 18 19 24 28 29 32 38 40 42 43 45 46 47 48 
S193 8.74791806532 2 3 5 6 9 13 20 28 32 40 44 45 50 
S194 11.7278104746 6 8 11 14 18 20 24 27 28 32 36 37 40 45 46 47 48 50 
S195 22.5899153512 5 8 10 14 16 18 20 21 27 35 36 38 40 48 50 
S196 13.9492394163 6 7 8 14 15 17 24 34 39 40 44 49 50 
S197 11.9538831876 2 3 4 6 12 13 14 20 22 26 27 34 36 37 41 43 44 
S198 5.36854871603 4 15 29 40 50 
S199 5.27626805672 50 
S200 17.7125564704 21 28 35 39 47 48 49 
S201 20.7471446825 4 8 11 16 17 20 21 23 26 28 30 31 33 44 45 46 
S202 12.4964729767 2 3 6 9 10 18 24 27 31 36 38 45 48 
S203 20.7059622097 17 19 22 23 24 27 28 37 42 44 
S204 20.6008544983 4 5 8 10 14 16 17 20 23 24 25 33 37 39 41 42 48 49 50 
S205 7.64988574279 1 6 8 13 14 21 28 29 34 35 41 42 47 49 
S206 11.3786840814 8 9 15 16 18 19 20 22 23 29 35 39 41 42 43 47 
S207 20.0197379083 1 7 10 26 29 33 34 45 48 
S208 18.0403290876 2 3 8 10 12 13 15 25 27 29 30 32 34 38 39 45 47 48 
S209 8.38021822551 22 
S210 19.0044978415 4 7 19 25 28 31 36 41 
S211 10.0920613806 4 11 13 18 21 27 32 37 43 44 46 
S212 24.7857425916 1 2 11 23 24 27 29 35 36 41 44 45 
S213 20.6257532343 2 3 5 7 12 14 15 18 19 21 25 26 30 31 33 34 37 43 48 
S214 19.0090009009 5 8 24 31 47 
S215 18.1221467667 10 11 12 18 22 25 28 30 36 43 46 47 
S216 11.2545338194 1 2 7 11 15 17 20 22 23 30 31 33 34 35 36 37 40 41 43 46 48 
S217 6.13579981983 6 11 12 14 17 27 29 36 47 50 
S218 11.4106576312 1 38 40 43 
S219 20.508706141 7 8 11 15 16 21 25 26 27 29 30 32 33 37 39 42 47 
S220 7.64276287343 3 4 6 8 14 16 21 24 28 34 41 44 46 47 
S221 17.6376076222 31 33 40 41 
S222 16.2372566789 2 3 4 5 9 12 13 19 29 30 34 36 38 40 43 44 48 
S223 13.7051684586 2 7 10 12 19 22 33 34 36 38 39 41 44 48 49 
S224 16.3813646642 6 9 11 15 17 18 19 21 22 26 28 29 32 37 38 41 42 43 46 49 
S225 24.7144517347 13 18 20 30 32 33 36 37 38 40 45 
S226 14.9537498902 1 3 5 6 9 14 15 18 20 21 23 34 36 39 40 42 49 
S227 11.9372168796 1 2 8 18 21 23 29 39 41 44 49 
S228 22.0767386894 2 4 6 7 8 9 11 17 18 23 25 29 30 31 32 34 35 36 39 46 48 50 
S229 14.9059266377 2 4 9 12 14 19 20 21 22 23 29 33 35 44 50 
S230 10.6102973328 24 
S231 21.3033681203 42 
S232 24.535563263 2 15 17 18 23 28 29 34 36 41 42 43 
S233 18.0866976278 6 9 33 45 
S234 5.53578562125 7 8 9 10 13 15 16 17 25 26 35 39 43 44 46 
S235 15.1285656268 28 42 
S236 20.8762101055 3 11 12 30 31 32 33 37 48 
S237 22.7354043303 3 14 23 27 35 38 47 
S238 12.9198883707 4 5 6 10 13 16 20 22 23 24 27 29 39 42 50 
S239 19.6196942259 8 13 16 17 23 33 37 39 42 47 49 
S240 10.9684690349 5 9 16 21 22 23 28 30 31 33 39 41 43 47 48 
S241 15.293174345 1 5 6 7 9 13 14 16 19 32 34 35 36 38 41 43 48 
S242 14.6856028343 4 5 10 14 19 30 32 47 
S243 8.6014214575 3 8 9 10 12 17 18 21 26 32 33 34 39 41 43 49 50 
S244 22.9274704065 22 
S245 10.8718047477 4 7 8 10 17 19 25 26 29 31 36 37 39 42 47 48 
S246 16.7510431375 1 4 9 10 14 21 25 32 36 48 50 
S247 11.2373673394 25 26 28 31 35 39 46 47 
S248 24.331939713 3 24 38 47 
S249 19.709710619 19 29 
S250 24.5230880071 35 37 38 43 47 
S251 14.0262460665 1 3 4 10 11 14 16 24 29 33 36 39 47 50 
S252 13.8102938208 2 5 13 16 17 24 27 30 31 34 35 
S253 18.8425730294 6 17 19 23 25 29 32 34 40 42 43 
S254 8.49123236948 11 15 16 31 
S255 10.1795214473 2 7 9 13 23 26 32 33 34 37 42 49 50 
S256 18.6564170246 4 5 7 8 9 11 19 21 27 29 31 32 35 42 43 
S257 6.62038008918 2 3 9 25 36 
S258 21.9795306799 3 8 12 17 19 20 24 25 26 29 30 31 37 41 45 46 49 50 
S259 23.1688611404 28 44 
S260 24.7420936673 2 4 12 26 40 43 50 
S261 7.17230702577 3 7 15 16 17 18 23 24 26 29 30 32 34 36 41 42 43 44 48 
S262 7.02906877123 7 8 16 17 20 23 24 25 27 35 36 38 43 45 48 
S263 17.29072169 39 
S264 8.96864382883 7 11 21 22 27 28 36 45 
S265 9.34987545991 9 11 25 27 44 50 
S266 8.21054295528 2 3 9 10 16 19 29 36 38 39 45 49 
S267 10.2535954136 5 14 17 23 29 31 34 36 40 47 49 
S268 20.7289341396 30 50 
S269 13.7892369248 4 5 10 13 14 18 22 29 30 33 35 36 39 41 42 43 47 49 
S270 18.2436978959 1 11 14 18 23 28 31 33 35 36 46 
S271 10.9285022796 1 6 7 9 16 18 22 25 26 30 33 34 38 40 42 44 48 49 
S272 9.51625524078 11 17 18 21 22 24 45 46 47 
S273 22.954085139 1 8 12 16 21 24 25 28 31 32 35 37 38 39 40 42 44 49 
S274 11.6668651825 1 7 8 16 18 20 26 27 30 37 39 40 41 50 
S275 22.1906045942 8 50 
S276 8.98090016246 5 7 18 20 
S277 20.6463740934 5 7 8 9 13 16 18 22 31 38 42 48 
S278 9.45498425116 16 25 43 
S279 10.1580081414 33 42 
S280 9.27816773151 13 14 17 20 21 23 34 39 41 46 
S281 15.0370163385 1 2 3 4 6 9 10 15 17 19 20 26 27 28 32 33 40 41 44 48 
S282 21.0493521319 10 12 14 16 24 27 34 37 43 
S283 21.2782729828 4 24 37 
S284 8.37906742127 2 5 8 9 11 26 31 34 42 43 
S285 12.8328949408 1 2 7 13 17 18 20 24 25 26 31 37 38 40 45 48 50 
S286 6.64963384567 5 18 22 32 35 38 39 50 
S287 20.8902980233 1 2 4 9 13 17 22 28 31 40 41 45 50 
S288 13.9121125205 2 4 5 8 14 16 21 22 25 26 29 33 39 44 49 
S289 17.5255849032 2 5 7 14 21 27 41 42 48 
S290 20.2270780941 1 3 4 16 17 24 31 32 35 41 43 48 
S291 15.8307162622 1 2 3 6 8 11 13 16 17 20 22 25 26 29 31 39 43 45 46 48 50 
S292 6.32374518947 5 9 37 
S293 18.364948841 10 19 24 30 45 49 
S294 5.24565646173 3 7 10 14 34 37 40 
S295 19.8674637128 4 5 9 12 32 
S296 20.6109965878 2 3 5 6 12 15 23 29 40 48 
S297 19.0784687953 2 6 11 14 16 19 23 26 28 44 48 49 
S298 11.7908377988 3 7 10 11 14 15 16 20 22 24 25 32 34 37 39 41 42 46 47 48 
S299 8.63025338967 1 10 12 13 19 22 31 36 39 40 42 50 
S300 24.3102289776 14 
S301 7.26318550949 5 15 23 31 35 45 
S302 22.982844754 3 4 10 11 12 13 14 17 23 25 29 30 36 38 39 48 49 
S303 18.7356798783 2 8 11 21 22 27 28 31 32 36 40 41 
S304 8.74674638103 1 9 10 12 17 21 22 24 25 34 35 46 48 
S305 8.07972447319 3 6 7 14 17 18 22 28 32 35 36 38 40 45 47 50 
S306 18.0712989513 4 12 19 21 24 36 37 40 44 47 
S307 11.1731097631 1 5 10 12 14 15 20 27 30 31 44 46 47 50 
S308 12.6324429673 6 10 11 15 18 21 22 24 34 38 39 
S309 9.12551256439 4 9 10 11 13 14 15 17 23 26 27 36 42 44 46 48 49 
S310 10.038437929 2 9 10 15 18 19 21 25 26 30 32 34 46 48 49 50 
S311 13.8006391829 8 13 14 15 21 26 27 31 32 34 39 40 
S312 13.4539695374 2 27 29 34 
S313 14.1968669255 3 5 8 11 15 16 18 19 23 24 28 30 32 39 42 43 49 50 
S314 24.6939198378 45 50 
S315 9.96259749678 6 7 12 14 16 17 19 21 27 30 33 35 37 43 
S316 15.6932423396 26 
S317 16.2913552674 4 8 12 14 16 17 18 19 20 22 24 27 31 32 45 46 48 
S318 18.0222099576 33 34 35 49 
S319 17.0233015748 6 9 16 17 25 27 48 
S320 5.21778146343 8 40 43 46 
S321 21.4679784047 31 39 
S322 20.5697569479 3 13 23 30 
S323 5.65674933368 6 22 
S324 24.1576648059 1 2 7 9 14 15 20 21 27 32 33 34 
S325 18.0704225325 4 6 9 10 14 19 31 35 37 39 41 44 45 46 
S326 19.6781187984 13 17 24 25 27 30 32 33 34 37 41 43 44 49 
S327 19.2346902977 1 3 4 5 6 9 10 15 27 31 34 36 38 39 42 45 50 
S328 17.2827711836 3 10 20 22 35 39 41 48 50 
S329 6.00905824073 20 35 
S330 8.239509759 9 16 20 21 23 24 28 29 33 43 45 
S331 24.7634975288 2 15 25 33 36 43 47 48 50 
S332 14.8647214025 4 5 41 45 
S333 7.16109396742 5 
S334 21.763728986 3 15 26 27 34 35 36 39 41 44 47 
S335 17.3245165492 2 16 18 35 37 50 
S336 24.0425716435 2 3 4 5 11 13 28 29 30 31 36 40 42 
S337 23.2457121214 5 10 12 14 16 20 21 22 25 26 27 28 29 30 32 34 36 39 48 
S338 9.34458055744 1 5 6 7 8 9 12 18 22 23 33 34 35 37 38 45 48 
S339 17.7831939254 6 11 14 19 23 32 40 48 
S340 22.7419461556 1 3 10 18 19 30 31 34 39 47 
S341 9.14446478089 22 37 
S342 17.9490859669 6 11 15 
S343 23.8760470955 5 6 17 22 31 37 42 45 49 
S344 18.9296138447 1 2 8 9 17 18 21 25 29 33 35 37 42 44 45 49 50 
S345 21.8844101581 5 7 14 20 21 22 23 26 29 31 32 35 36 40 41 44 
S346 5.75042060862 2 4 5 8 15 16 21 46 
S347 8.04929425211 11 34 
S348 18.7964042296 10 13 14 15 37 49 
S349 6.94943572188 1 3 8 11 15 19 23 30 35 37 39 41 42 47 48 50 
S350 12.0977864208 3 4 5 7 9 16 18 27 29 30 31 38 39 40 41 46 47 48 
S351 12.2387567301 10 15 23 26 30 32 35 
S352 14.9029438118 1 3 12 33 38 46 
S353 10.9851414063 4 10 11 12 16 18 19 32 34 36 37 39 40 43 
S354 13.2208757373 2 7 10 14 16 27 29 40 46 48 
S355 9.5412816882 26 28 33 36 47 50 
S356 7.89433004442 10 13 15 16 17 19 21 22 24 27 29 32 35 39 
S357 9.62102785854 42 
S358 19.7359035455 13 28 45 
S359 20.7428034377 2 4 7 14 20 33 45 46 
S360 23.2484733718 12 29 33 41 43 44 48 49 
S361 15.1473742202 3 8 15 16 24 26 30 37 
S362 15.7266722044 1 5 10 14 18 20 22 25 26 33 35 44 45 46 48 
S363 23.2646211744 2 7 8 9 15 16 20 22 25 28 30 35 39 41 45 50 
S364 10.4327537251 2 3 4 7 9 10 15 17 32 35 37 40 42 46 50 
S365 10.7999857912 5 9 36 39 
S366 21.7168687296 2 4 9 11 17 18 20 22 24 35 44 
S367 11.1639793821 13 22 34 43 
S368 23.6474227844 12 16 29 40 42 
S369 22.249558703 10 16 32 34 36 38 
S370 11.6664208587 6 7 8 14 16 29 38 43 47 
S371 19.9491072302 1 12 13 17 18 20 23 27 33 35 37 38 40 41 47 
S372 10.2541358922 6 11 13 16 19 22 24 27 32 39 41 42 43 45 47 48 
S373 16.0376003446 3 10 26 28 36 38 
S374 5.35981545764 15 41 49 
S375 21.7351486565 3 4 6 7 10 12 22 26 30 43 
S376 5.44679934739 5 8 10 13 16 20 29 40 48 
S377 17.0789536642 4 6 9 12 14 18 19 21 23 28 31 36 37 38 41 42 44 47 49 50 
S378 18.5216266843 8 42 
S379 5.95320512077 1 6 7 23 24 44 48 
S380 22.022042173 11 15 22 23 28 30 34 40 46 48 
S381 6.28481845065 4 8 11 12 27 29 46 49 
S382 18.8751827474 6 9 13 17 24 30 37 42 43 47 
S383 13.270925769 1 3 7 10 19 25 27 29 42 46 
S384 23.4560653392 5 10 14 19 26 30 32 33 35 43 45 47 49 
S385 12.4132277425 5 40 
S386 10.907730964 10 14 
S387 8.05750487475 5 6 8 13 16 17 20 26 28 30 31 33 37 47 49 
S388 10.970737648 7 9 18 39 
S389 23.8751407962 7 8 9 17 24 40 49 
S390 24.5503530479 4 6 8 9 14 22 31 37 38 41 
S391 23.8778354666 1 3 6 9 12 16 26 44 45 
S392 10.1564514572 11 21 27 28 29 47 
S393 16.5601781712 5 11 13 17 27 30 32 34 36 41 43 
S394 15.3812108026 16 19 25 
S395 12.4406146502 1 3 4 12 16 27 28 33 36 40 
S396 9.17275739487 1 7 20 22 23 27 32 33 35 
S397 15.233276689 1 10 14 20 22 41 43 47 
S398 21.2676513229 2 3 5 7 8 18 26 28 29 33 36 39 44 46 49 
S399 5.44172239422 14 23 24 31 39 40 45 
S400 18.4455170445 6 9 10 15 16 20 25 26 29 35 39 46 
S401 20.309446933 1 2 3 16 17 23 26 31 32 34 40 41 42 46 47 48 
S402 12.2897776922 1 8 16 19 28 29 
S403 8.29945000895 4 5 9 10 18 26 29 33 
S404 6.44918560638 1 4 8 19 20 23 25 29 33 34 35 39 40 47 48 
S405 6.06770907697 21 24 29 32 33 37 40 44 47 
S406 7.91583541948 1 3 5 6 9 12 13 17 26 34 35 39 43 44 45 48 
S407 22.3496312085 5 8 14 16 17 21 22 31 32 35 37 
S408 11.868655245 2 5 8 16 20 38 44 
S409 8.43491002206 2 9 10 11 19 20 28 31 33 38 40 41 42 50 
S410 5.82292014448 25 35 
S411 24.9813712463 3 5 6 7 8 9 11 12 14 17 19 21 22 38 39 41 49 
S412 22.8539612374 1 5 19 21 23 25 36 40 43 45 
S413 24.36219658 2 3 4 7 9 13 20 21 29 36 37 38 40 41 45 46 49 
S414 18.1909255724 9 18 21 34 36 41 43 
S415 8.42462651461 2 3 6 7 8 9 10 13 20 23 24 29 33 38 41 43 
S416 10.9749010703 3 6 15 20 27 28 29 31 35 36 37 39 42 45 50 
S417 7.95156961336 1 4 14 19 21 22 31 35 37 38 47 48 
S418 15.1267414667 2 3 8 15 25 40 46 
S419 9.96461428116 1 4 8 10 17 19 20 21 22 23 37 39 48 
S420 14.5847108255 6 7 10 11 50 
S421 14.1930792859 38 
S422 18.7109633584 5 6 11 19 26 34 39 43 45 46 47 49 50 
S423 24.0251856263 9 25 27 29 39 41 43 47 48 
S424 16.5502161065 5 6 7 9 10 11 12 16 18 22 25 29 30 37 38 42 43 45 47 
S425 19.1259546283 3 10 11 12 16 17 21 22 24 27 28 31 33 35 39 41 46 47 48 49 
S426 7.87780032065 4 5 11 13 19 31 34 36 48 
S427 16.9552286182 16 26 
S428 13.8571561211 5 9 10 15 16 18 19 23 26 27 32 33 34 40 45 46 48 
S429 7.67604702259 18 29 33 35 40 49 50 
S430 10.4481469332 10 11 12 13 14 18 22 24 25 26 27 28 36 48 49 
S431 13.5295305896 1 10 39 50 
S432 22.8182403104 7 
S433 16.6270701562 19 47 
S434 23.2422749887 11 14 19 21 29 39 42 50 
S435 8.29248065736 15 24 31 
S436 8.36179629537 3 8 32 36 
